0.0	2.52899815945e-06
0.002	2.55237991098e-06
0.004	2.57597774993e-06
0.006	2.59979367211e-06
0.008	2.62382969172e-06
0.01	2.64808784157e-06
0.012	2.67257017322e-06
0.014	2.69727875714e-06
0.016	2.72221568294e-06
0.018	2.74738305949e-06
0.02	2.77278301511e-06
0.022	2.79841769778e-06
0.024	2.82428927528e-06
0.026	2.8503999354e-06
0.028	2.87675188612e-06
0.03	2.90334735578e-06
0.032	2.93018859328e-06
0.034	2.95727786827e-06
0.036	2.98461747135e-06
0.038	3.01220971424e-06
0.04	3.04005692999e-06
0.042	3.06816147318e-06
0.044	3.0965257201e-06
0.046	3.12515206896e-06
0.048	3.15404294012e-06
0.05	3.18320077623e-06
0.052	3.21262804251e-06
0.054	3.24232722689e-06
0.056	3.27230084027e-06
0.058	3.3025514167e-06
0.06	3.33308151362e-06
0.062	3.36389371205e-06
0.064	3.3949906168e-06
0.066	3.42637485674e-06
0.068	3.45804908497e-06
0.07	3.49001597906e-06
0.072	3.52227824129e-06
0.074	3.55483859884e-06
0.076	3.58769980406e-06
0.078	3.62086463469e-06
0.08	3.65433589409e-06
0.082	3.68811641144e-06
0.084	3.72220904206e-06
0.086	3.75661666758e-06
0.088	3.79134219621e-06
0.09	3.82638856297e-06
0.092	3.86175872996e-06
0.094	3.89745568659e-06
0.096	3.93348244984e-06
0.098	3.96984206451e-06
0.1	4.00653760349e-06
0.102	4.04357216799e-06
0.104	4.08094888781e-06
0.106	4.11867092164e-06
0.108	4.15674145727e-06
0.11	4.19516371189e-06
0.112	4.23394093236e-06
0.114	4.27307639548e-06
0.116	4.31257340825e-06
0.118	4.35243530818e-06
0.12	4.39266546353e-06
0.122	4.43326727364e-06
0.124	4.47424416916e-06
0.126	4.5155996124e-06
0.128	4.55733709757e-06
0.13	4.59946015111e-06
0.132	4.64197233195e-06
0.134	4.68487723185e-06
0.136	4.72817847568e-06
0.138	4.7718797217e-06
0.14	4.81598466193e-06
0.142	4.8604970224e-06
0.144	4.9054205635e-06
0.146	4.95075908027e-06
0.148	4.99651640275e-06
0.15	5.04269639627e-06
0.152	5.08930296179e-06
0.154	5.13634003623e-06
0.156	5.1838115928e-06
0.158	5.23172164133e-06
0.16	5.28007422861e-06
0.162	5.32887343871e-06
0.164	5.37812339337e-06
0.166	5.42782825229e-06
0.168	5.47799221352e-06
0.17	5.52861951381e-06
0.172	5.57971442893e-06
0.174	5.63128127408e-06
0.176	5.68332440421e-06
0.178	5.7358482144e-06
0.18	5.78885714024e-06
0.182	5.8423556582e-06
0.184	5.89634828598e-06
0.186	5.95083958293e-06
0.188	6.00583415039e-06
0.19	6.06133663213e-06
0.192	6.11735171467e-06
0.194	6.17388412773e-06
0.196	6.23093864462e-06
0.198	6.28852008261e-06
0.2	6.34663330335e-06
0.202	6.40528321331e-06
0.204	6.46447476413e-06
0.206	6.52421295309e-06
0.208	6.58450282349e-06
0.21	6.64534946512e-06
0.212	6.70675801462e-06
0.214	6.76873365598e-06
0.216	6.83128162094e-06
0.218	6.89440718941e-06
0.22	6.95811568996e-06
0.222	7.02241250023e-06
0.224	7.08730304741e-06
0.226	7.15279280866e-06
0.228	7.2188873116e-06
0.23	7.28559213475e-06
0.232	7.35291290802e-06
0.234	7.42085531319e-06
0.236	7.48942508432e-06
0.238	7.55862800833e-06
0.24	7.6284699254e-06
0.242	7.69895672951e-06
0.244	7.77009436892e-06
0.246	7.84188884666e-06
0.248	7.91434622104e-06
0.25	7.98747260616e-06
0.252	8.06127417242e-06
0.254	8.13575714704e-06
0.256	8.21092781457e-06
0.258	8.28679251744e-06
0.26	8.36335765647e-06
0.262	8.44062969141e-06
0.264	8.51861514149e-06
0.266	8.59732058596e-06
0.268	8.67675266465e-06
0.27	8.7569180785e-06
0.272	8.83782359016e-06
0.274	8.91947602453e-06
0.276	9.00188226932e-06
0.278	9.08504927568e-06
0.28	9.16898405872e-06
0.282	9.25369369813e-06
0.284	9.33918533878e-06
0.286	9.42546619128e-06
0.288	9.51254353263e-06
0.29	9.60042470681e-06
0.292	9.68911712539e-06
0.294	9.77862826814e-06
0.296	9.86896568368e-06
0.298	9.96013699011e-06
0.3	1.00521498756e-05
0.302	1.01450120992e-05
0.304	1.02387314912e-05
0.306	1.03333159539e-05
0.308	1.04287734626e-05
0.31	1.05251120658e-05
0.312	1.06223398861e-05
0.314	1.07204651206e-05
0.316	1.08194960423e-05
0.318	1.0919441e-05
0.32	1.10203084192e-05
0.322	1.11221068033e-05
0.324	1.12248447337e-05
0.326	1.13285308706e-05
0.328	1.14331739542e-05
0.33	1.15387828049e-05
0.332	1.16453663243e-05
0.334	1.17529334958e-05
0.336	1.18614933857e-05
0.338	1.19710551432e-05
0.34	1.20816280022e-05
0.342	1.21932212812e-05
0.344	1.23058443846e-05
0.346	1.2419506803e-05
0.348	1.25342181146e-05
0.35	1.26499879856e-05
0.352	1.2766826171e-05
0.354	1.28847425155e-05
0.356	1.30037469546e-05
0.358	1.31238495149e-05
0.36	1.32450603152e-05
0.362	1.33673895674e-05
0.364	1.34908475775e-05
0.366	1.36154447459e-05
0.368	1.37411915688e-05
0.37	1.3868098639e-05
0.372	1.39961766466e-05
0.374	1.41254363799e-05
0.376	1.42558887266e-05
0.378	1.43875446741e-05
0.38	1.45204153113e-05
0.382	1.46545118286e-05
0.384	1.47898455196e-05
0.386	1.49264277814e-05
0.388	1.50642701162e-05
0.39	1.52033841317e-05
0.392	1.53437815423e-05
0.394	1.548547417e-05
0.396	1.56284739457e-05
0.398	1.57727929097e-05
0.4	1.5918443213e-05
0.402	1.60654371185e-05
0.404	1.62137870014e-05
0.406	1.63635053508e-05
0.408	1.65146047707e-05
0.41	1.66670979808e-05
0.412	1.68209978175e-05
0.414	1.69763172353e-05
0.416	1.71330693078e-05
0.418	1.72912672286e-05
0.42	1.74509243126e-05
0.422	1.76120539967e-05
0.424	1.77746698417e-05
0.426	1.79387855327e-05
0.428	1.81044148805e-05
0.43	1.82715718229e-05
0.432	1.84402704256e-05
0.434	1.86105248835e-05
0.436	1.87823495219e-05
0.438	1.89557587976e-05
0.44	1.91307673004e-05
0.442	1.93073897537e-05
0.444	1.94856410165e-05
0.446	1.96655360839e-05
0.448	1.9847090089e-05
0.45	2.00303183036e-05
0.452	2.021523614e-05
0.454	2.04018591516e-05
0.456	2.0590203035e-05
0.458	2.07802836308e-05
0.46	2.09721169248e-05
0.462	2.11657190498e-05
0.464	2.13611062866e-05
0.466	2.15582950656e-05
0.468	2.17573019677e-05
0.47	2.19581437262e-05
0.472	2.2160837228e-05
0.474	2.2365399515e-05
0.476	2.25718477854e-05
0.478	2.27801993953e-05
0.48	2.299047186e-05
0.482	2.32026828556e-05
0.484	2.34168502205e-05
0.486	2.36329919566e-05
0.488	2.38511262311e-05
0.49	2.40712713778e-05
0.492	2.42934458987e-05
0.494	2.45176684657e-05
0.496	2.47439579219e-05
0.498	2.49723332832e-05
0.5	2.520281374e-05
0.502	2.54354186588e-05
0.504	2.56701675836e-05
0.506	2.59070802377e-05
0.508	2.61461765254e-05
0.51	2.63874765335e-05
0.512	2.6631000533e-05
0.514	2.68767689808e-05
0.516	2.71248025213e-05
0.518	2.73751219884e-05
0.52	2.76277484069e-05
0.522	2.78827029945e-05
0.524	2.81400071633e-05
0.526	2.83996825218e-05
0.528	2.86617508765e-05
0.53	2.8926234234e-05
0.532	2.91931548025e-05
0.534	2.94625349938e-05
0.536	2.97343974252e-05
0.538	3.00087649211e-05
0.54	3.02856605155e-05
0.542	3.0565107453e-05
0.544	3.08471291916e-05
0.546	3.11317494042e-05
0.548	3.14189919806e-05
0.55	3.17088810295e-05
0.552	3.20014408805e-05
0.554	3.22966960862e-05
0.556	3.25946714241e-05
0.558	3.28953918986e-05
0.56	3.31988827434e-05
0.562	3.35051694233e-05
0.564	3.38142776361e-05
0.566	3.41262333155e-05
0.568	3.44410626322e-05
0.57	3.4758791997e-05
0.572	3.50794480624e-05
0.574	3.54030577251e-05
0.576	3.57296481279e-05
0.578	3.60592466625e-05
0.58	3.63918809711e-05
0.582	3.67275789492e-05
0.584	3.70663687477e-05
0.586	3.74082787751e-05
0.588	3.77533377e-05
0.59	3.81015744537e-05
0.592	3.84530182322e-05
0.594	3.88076984985e-05
0.596	3.91656449856e-05
0.598	3.95268876987e-05
0.6	3.98914569173e-05
0.602	4.02593831981e-05
0.604	4.06306973777e-05
0.606	4.10054305747e-05
0.608	4.13836141923e-05
0.61	4.17652799212e-05
0.612	4.21504597421e-05
0.614	4.25391859283e-05
0.616	4.29314910481e-05
0.618	4.3327407968e-05
0.62	4.3726969855e-05
0.622	4.41302101797e-05
0.624	4.45371627185e-05
0.626	4.4947861557e-05
0.628	4.53623410923e-05
0.63	4.57806360363e-05
0.632	4.62027814181e-05
0.634	4.66288125874e-05
0.636	4.70587652167e-05
0.638	4.7492675305e-05
0.64	4.79305791803e-05
0.642	4.83725135027e-05
0.644	4.88185152674e-05
0.646	4.92686218078e-05
0.648	4.97228707986e-05
0.65	5.01813002587e-05
0.652	5.06439485545e-05
0.654	5.11108544032e-05
0.656	5.15820568755e-05
0.658	5.20575953994e-05
0.66	5.25375097629e-05
0.662	5.30218401178e-05
0.664	5.35106269825e-05
0.666	5.40039112457e-05
0.668	5.45017341694e-05
0.67	5.50041373929e-05
0.672	5.55111629353e-05
0.674	5.60228532e-05
0.676	5.65392509772e-05
0.678	5.70603994481e-05
0.68	5.75863421883e-05
0.682	5.8117123171e-05
0.684	5.86527867711e-05
0.686	5.91933777685e-05
0.688	5.97389413522e-05
0.69	6.02895231233e-05
0.692	6.08451690994e-05
0.694	6.1405925718e-05
0.696	6.19718398406e-05
0.698	6.25429587562e-05
0.7	6.31193301854e-05
0.702	6.37010022843e-05
0.704	6.42880236483e-05
0.706	6.48804433162e-05
0.708	6.54783107742e-05
0.71	6.60816759601e-05
0.712	6.6690589267e-05
0.714	6.73051015476e-05
0.716	6.79252641188e-05
0.718	6.85511287651e-05
0.72	6.91827477435e-05
0.722	6.98201737874e-05
0.724	7.0463460111e-05
0.726	7.1112660414e-05
0.728	7.17678288851e-05
0.73	7.24290202076e-05
0.732	7.30962895629e-05
0.734	7.37696926355e-05
0.736	7.44492856174e-05
0.738	7.51351252127e-05
0.74	7.58272686423e-05
0.742	7.65257736485e-05
0.744	7.72306984996e-05
0.746	7.79421019951e-05
0.748	7.86600434698e-05
0.75	7.93845827992e-05
0.752	8.01157804044e-05
0.754	8.08536972564e-05
0.756	8.15983948819e-05
0.758	8.23499353676e-05
0.76	8.31083813659e-05
0.762	8.38737960995e-05
0.764	8.46462433665e-05
0.766	8.54257875464e-05
0.768	8.62124936042e-05
0.77	8.70064270966e-05
0.772	8.78076541769e-05
0.774	8.86162416004e-05
0.776	8.94322567301e-05
0.778	9.02557675418e-05
0.78	9.10868426299e-05
0.782	9.19255512129e-05
0.784	9.2771963139e-05
0.786	9.36261488918e-05
0.788	9.44881795961e-05
0.79	9.53581270236e-05
0.792	9.62360635985e-05
0.794	9.7122062404e-05
0.796	9.80161971876e-05
0.798	9.89185423673e-05
0.8	9.9829173038e-05
0.802	0.000100748164977
0.804	0.00010167559465
0.806	0.000102611539219
0.808	0.000103556076546
0.81	0.000104509285202
0.812	0.000105471244469
0.814	0.000106442034354
0.816	0.000107421735586
0.818	0.000108410429631
0.82	0.000109408198693
0.822	0.000110415125724
0.824	0.000111431294429
0.826	0.000112456789272
0.828	0.000113491695486
0.83	0.000114536099075
0.832	0.000115590086828
0.834	0.000116653746317
0.836	0.000117727165913
0.838	0.000118810434787
0.84	0.00011990364292
0.842	0.000121006881109
0.844	0.000122120240975
0.846	0.000123243814971
0.848	0.000124377696387
0.85	0.000125521979362
0.852	0.000126676758886
0.854	0.000127842130812
0.856	0.000129018191863
0.858	0.000130205039637
0.86	0.000131402772619
0.862	0.000132611490185
0.864	0.000133831292613
0.866	0.00013506228109
0.868	0.00013630455772
0.87	0.000137558225532
0.872	0.000138823388487
0.874	0.000140100151492
0.876	0.0001413886204
0.878	0.000142688902027
0.88	0.000144001104152
0.882	0.000145325335535
0.884	0.000146661705916
0.886	0.000148010326033
0.888	0.000149371307624
0.89	0.00015074476344
0.892	0.000152130807251
0.894	0.000153529553858
0.896	0.000154941119101
0.898	0.000156365619868
0.9	0.000157803174103
0.902	0.000159253900821
0.904	0.00016071792011
0.906	0.000162195353146
0.908	0.0001636863222
0.91	0.000165190950649
0.912	0.000166709362985
0.914	0.000168241684828
0.916	0.000169788042931
0.918	0.000171348565194
0.92	0.000172923380672
0.922	0.000174512619588
0.924	0.00017611641334
0.926	0.000177734894513
0.928	0.000179368196892
0.93	0.000181016455468
0.932	0.000182679806452
0.934	0.000184358387287
0.936	0.000186052336654
0.938	0.000187761794489
0.94	0.000189486901988
0.942	0.000191227801624
0.944	0.000192984637155
0.946	0.000194757553637
0.948	0.000196546697435
0.95	0.000198352216232
0.952	0.000200174259047
0.954	0.000202012976241
0.956	0.00020386851953
0.958	0.000205741042
0.96	0.000207630698118
0.962	0.000209537643741
0.964	0.000211462036132
0.966	0.000213404033973
0.968	0.000215363797374
0.97	0.000217341487889
0.972	0.000219337268525
0.974	0.000221351303761
0.976	0.000223383759556
0.978	0.000225434803362
0.98	0.000227504604142
0.982	0.000229593332378
0.984	0.000231701160086
0.986	0.000233828260834
0.988	0.000235974809749
0.99	0.000238140983533
0.992	0.000240326960482
0.994	0.000242532920493
0.996	0.000244759045081
0.998	0.000247005517395
1.0	0.000249272522229
1.002	0.000251560246042
1.004	0.000253868876965
1.006	0.000256198604824
1.008	0.000258549621147
1.01	0.000260922119187
1.012	0.000263316293931
1.014	0.000265732342119
1.016	0.000268170462256
1.018	0.000270630854633
1.02	0.000273113721336
1.022	0.000275619266269
1.024	0.000278147695163
1.026	0.000280699215598
1.028	0.000283274037016
1.03	0.000285872370738
1.032	0.000288494429981
1.034	0.000291140429876
1.036	0.000293810587482
1.038	0.000296505121804
1.04	0.000299224253812
1.042	0.000301968206456
1.044	0.000304737204685
1.046	0.000307531475463
1.048	0.000310351247789
1.05	0.000313196752712
1.052	0.000316068223353
1.054	0.000318965894919
1.056	0.000321890004722
1.058	0.000324840792203
1.06	0.000327818498942
1.062	0.000330823368683
1.064	0.000333855647351
1.066	0.000336915583073
1.068	0.000340003426194
1.07	0.000343119429297
1.072	0.000346263847226
1.074	0.000349436937104
1.076	0.00035263895835
1.078	0.000355870172704
1.08	0.000359130844245
1.082	0.00036242123941
1.084	0.000365741627018
1.086	0.000369092278288
1.088	0.000372473466862
1.09	0.000375885468824
1.092	0.000379328562725
1.094	0.000382803029599
1.096	0.000386309152991
1.098	0.000389847218975
1.1	0.000393417516176
1.102	0.000397020335795
1.104	0.000400655971628
1.106	0.000404324720092
1.108	0.000408026880247
1.11	0.000411762753816
1.112	0.000415532645212
1.114	0.000419336861561
1.116	0.000423175712723
1.118	0.000427049511319
1.12	0.000430958572753
1.122	0.000434903215238
1.124	0.000438883759817
1.126	0.000442900530393
1.128	0.000446953853748
1.13	0.000451044059573
1.132	0.000455171480491
1.134	0.000459336452081
1.136	0.000463539312908
1.138	0.000467780404544
1.14	0.000472060071599
1.142	0.000476378661742
1.144	0.000480736525732
1.146	0.000485134017444
1.148	0.000489571493893
1.15	0.000494049315266
1.152	0.000498567844944
1.154	0.000503127449535
1.156	0.0005077284989
1.158	0.000512371366178
1.16	0.000517056427819
1.162	0.000521784063612
1.164	0.000526554656709
1.166	0.000531368593661
1.168	0.000536226264443
1.17	0.000541128062484
1.172	0.000546074384699
1.174	0.000551065631517
1.176	0.00055610220691
1.178	0.000561184518429
1.18	0.000566312977229
1.182	0.000571487998103
1.184	0.000576709999513
1.186	0.000581979403621
1.188	0.000587296636321
1.19	0.000592662127273
1.192	0.000598076309932
1.194	0.000603539621583
1.196	0.000609052503374
1.198	0.000614615400348
1.2	0.000620228761476
1.202	0.000625893039694
1.204	0.000631608691934
1.206	0.000637376179157
1.208	0.000643195966392
1.21	0.000649068522769
1.212	0.000654994321551
1.214	0.000660973840174
1.216	0.000667007560281
1.218	0.000673095967757
1.22	0.000679239552765
1.222	0.000685438809787
1.224	0.000691694237654
1.226	0.000698006339589
1.228	0.000704375623242
1.23	0.000710802600727
1.232	0.000717287788663
1.234	0.000723831708209
1.236	0.000730434885105
1.238	0.00073709784971
1.24	0.000743821137043
1.242	0.00075060528682
1.244	0.000757450843495
1.246	0.000764358356302
1.248	0.000771328379294
1.25	0.000778361471384
1.252	0.000785458196387
1.254	0.000792619123061
1.256	0.000799844825149
1.258	0.000807135881421
1.26	0.000814492875718
1.262	0.000821916396994
1.264	0.000829407039358
1.266	0.000836965402122
1.268	0.000844592089839
1.27	0.000852287712353
1.272	0.000860052884838
1.274	0.000867888227848
1.276	0.000875794367363
1.278	0.000883771934827
1.28	0.000891821567205
1.282	0.00089994390702
1.284	0.000908139602408
1.286	0.000916409307156
1.288	0.00092475368076
1.29	0.000933173388465
1.292	0.000941669101317
1.294	0.000950241496212
1.296	0.000958891255942
1.298	0.000967619069248
1.3	0.000976425630869
1.302	0.000985311641592
1.304	0.000994277808302
1.306	0.00100332484403
1.308	0.00101245346802
1.31	0.00102166440576
1.312	0.00103095838904
1.314	0.00104033615602
1.316	0.00104979845126
1.318	0.00105934602579
1.32	0.00106897963717
1.322	0.0010787000495
1.324	0.00108850803355
1.326	0.00109840436675
1.328	0.00110838983326
1.33	0.00111846522406
1.332	0.00112863133697
1.334	0.00113888897671
1.336	0.00114923895498
1.338	0.0011596820905
1.34	0.00117021920907
1.342	0.00118085114363
1.344	0.00119157873431
1.346	0.00120240282853
1.348	0.00121332428099
1.35	0.00122434395381
1.352	0.00123546271652
1.354	0.00124668144617
1.356	0.00125800102738
1.358	0.00126942235237
1.36	0.00128094632107
1.362	0.00129257384117
1.364	0.00130430582816
1.366	0.00131614320543
1.368	0.0013280869043
1.37	0.00134013786411
1.372	0.00135229703227
1.374	0.00136456536435
1.376	0.00137694382412
1.378	0.00138943338361
1.38	0.00140203502324
1.382	0.00141474973181
1.384	0.0014275785066
1.386	0.00144052235347
1.388	0.00145358228688
1.39	0.00146675932998
1.392	0.00148005451471
1.394	0.00149346888181
1.396	0.00150700348095
1.398	0.00152065937078
1.4	0.00153443761898
1.402	0.00154833930238
1.404	0.00156236550701
1.406	0.00157651732814
1.408	0.00159079587044
1.41	0.00160520224797
1.412	0.00161973758431
1.414	0.00163440301259
1.416	0.00164919967564
1.418	0.001664128726
1.42	0.001679191326
1.422	0.00169438864791
1.424	0.00170972187394
1.426	0.00172519219636
1.428	0.00174080081756
1.43	0.00175654895017
1.432	0.00177243781708
1.434	0.0017884686516
1.436	0.00180464269748
1.438	0.001820961209
1.44	0.00183742545109
1.442	0.00185403669941
1.444	0.00187079624037
1.446	0.00188770537133
1.448	0.00190476540057
1.45	0.00192197764746
1.452	0.00193934344251
1.454	0.00195686412747
1.456	0.00197454105542
1.458	0.00199237559084
1.46	0.00201036910974
1.462	0.00202852299972
1.464	0.00204683866006
1.466	0.00206531750184
1.468	0.00208396094801
1.47	0.00210277043348
1.472	0.00212174740523
1.474	0.00214089332241
1.476	0.0021602096564
1.478	0.00217969789097
1.48	0.00219935952229
1.482	0.00221919605912
1.484	0.00223920902283
1.486	0.00225939994756
1.488	0.00227977038027
1.49	0.00230032188089
1.492	0.00232105602236
1.494	0.00234197439081
1.496	0.00236307858557
1.498	0.00238437021936
1.5	0.00240585091833
1.502	0.00242752232221
1.504	0.00244938608439
1.506	0.00247144387202
1.508	0.00249369736614
1.51	0.00251614826177
1.512	0.00253879826802
1.514	0.0025616491082
1.516	0.00258470251996
1.518	0.00260796025533
1.52	0.00263142408089
1.522	0.00265509577787
1.524	0.00267897714225
1.526	0.00270306998489
1.528	0.0027273761316
1.53	0.00275189742334
1.532	0.00277663571624
1.534	0.00280159288177
1.536	0.00282677080685
1.538	0.00285217139398
1.54	0.0028777965613
1.542	0.00290364824279
1.544	0.00292972838833
1.546	0.00295603896384
1.548	0.00298258195142
1.55	0.00300935934943
1.552	0.00303637317266
1.554	0.00306362545241
1.556	0.00309111823664
1.558	0.00311885359011
1.56	0.00314683359445
1.562	0.00317506034836
1.564	0.00320353596766
1.566	0.00323226258549
1.568	0.0032612423524
1.57	0.00329047743647
1.572	0.00331997002347
1.574	0.00334972231699
1.576	0.00337973653853
1.578	0.00341001492769
1.58	0.00344055974227
1.582	0.0034713732584
1.584	0.0035024577707
1.586	0.00353381559239
1.588	0.00356544905546
1.59	0.00359736051077
1.592	0.0036295523282
1.594	0.00366202689681
1.596	0.00369478662496
1.598	0.00372783394046
1.6	0.00376117129069
1.602	0.00379480114278
1.604	0.00382872598372
1.606	0.00386294832052
1.608	0.00389747068035
1.61	0.0039322956107
1.612	0.00396742567949
1.614	0.00400286347527
1.616	0.00403861160732
1.618	0.00407467270581
1.62	0.00411104942199
1.622	0.00414774442827
1.624	0.00418476041844
1.626	0.00422210010777
1.628	0.00425976623321
1.63	0.00429776155349
1.632	0.00433608884931
1.634	0.00437475092352
1.636	0.0044137506012
1.638	0.00445309072988
1.64	0.00449277417969
1.642	0.00453280384349
1.644	0.00457318263707
1.646	0.00461391349926
1.648	0.00465499939214
1.65	0.00469644330117
1.652	0.00473824823536
1.654	0.00478041722746
1.656	0.00482295333407
1.658	0.00486585963586
1.66	0.00490913923769
1.662	0.00495279526883
1.664	0.00499683088306
1.666	0.00504124925889
1.668	0.00508605359973
1.67	0.00513124713401
1.672	0.00517683311541
1.674	0.005222814823
1.676	0.0052691955614
1.678	0.00531597866099
1.68	0.00536316747807
1.682	0.005410765395
1.684	0.00545877582042
1.686	0.00550720218941
1.688	0.00555604796367
1.69	0.00560531663169
1.692	0.00565501170893
1.694	0.00570513673799
1.696	0.00575569528884
1.698	0.00580669095892
1.7	0.00585812737338
1.702	0.00591000818524
1.704	0.00596233707559
1.706	0.00601511775375
1.708	0.00606835395748
1.71	0.00612204945312
1.712	0.00617620803583
1.714	0.00623083352976
1.716	0.0062859297882
1.718	0.00634150069383
1.72	0.00639755015885
1.722	0.00645408212521
1.724	0.00651110056477
1.726	0.00656860947952
1.728	0.00662661290175
1.73	0.00668511489424
1.732	0.00674411955047
1.734	0.0068036309948
1.736	0.00686365338267
1.738	0.00692419090079
1.74	0.00698524776732
1.742	0.00704682823211
1.744	0.00710893657684
1.746	0.00717157711526
1.748	0.00723475419337
1.75	0.00729847218961
1.752	0.00736273551509
1.754	0.00742754861373
1.756	0.00749291596252
1.758	0.00755884207171
1.76	0.00762533148496
1.762	0.00769238877961
1.764	0.00776001856682
1.766	0.00782822549183
1.768	0.00789701423411
1.77	0.00796638950761
1.772	0.00803635606092
1.774	0.00810691867749
1.776	0.00817808217587
1.778	0.00824985140984
1.78	0.00832223126869
1.782	0.00839522667738
1.784	0.00846884259676
1.786	0.00854308402379
1.788	0.0086179559917
1.79	0.00869346357025
1.792	0.00876961186593
1.794	0.00884640602212
1.796	0.00892385121936
1.798	0.00900195267551
1.8	0.00908071564598
1.802	0.00916014542396
1.804	0.00924024734056
1.806	0.00932102676512
1.808	0.00940248910531
1.81	0.00948463980742
1.812	0.00956748435655
1.814	0.00965102827678
1.816	0.00973527713144
1.818	0.00982023652327
1.82	0.00990591209467
1.822	0.00999230952788
1.824	0.0100794345452
1.826	0.0101672929092
1.828	0.0102558904229
1.83	0.0103452329301
1.832	0.0104353263154
1.834	0.0105261765046
1.836	0.0106177894648
1.838	0.0107101712044
1.84	0.0108033277739
1.842	0.0108972652656
1.844	0.0109919898139
1.846	0.0110875075956
1.848	0.0111838248301
1.85	0.0112809477796
1.852	0.0113788827491
1.854	0.0114776360871
1.856	0.0115772141853
1.858	0.0116776234791
1.86	0.0117788704477
1.862	0.0118809616142
1.864	0.0119839035462
1.866	0.0120877028555
1.868	0.0121923661985
1.87	0.0122979002768
1.872	0.0124043118366
1.874	0.0125116076696
1.876	0.012619794613
1.878	0.0127288795496
1.88	0.0128388694078
1.882	0.0129497711625
1.884	0.0130615918345
1.886	0.0131743384912
1.888	0.0132880182467
1.89	0.0134026382618
1.892	0.0135182057445
1.894	0.0136347279499
1.896	0.0137522121807
1.898	0.013870665787
1.9	0.0139900961668
1.902	0.0141105107663
1.904	0.0142319170797
1.906	0.0143543226496
1.908	0.0144777350672
1.91	0.0146021619724
1.912	0.0147276110542
1.914	0.0148540900507
1.916	0.014981606749
1.918	0.0151101689862
1.92	0.0152397846487
1.922	0.0153704616728
1.924	0.0155022080449
1.926	0.0156350318015
1.928	0.0157689410297
1.93	0.0159039438669
1.932	0.0160400485013
1.934	0.016177263172
1.936	0.0163155961691
1.938	0.0164550558338
1.94	0.0165956505589
1.942	0.0167373887887
1.944	0.016880279019
1.946	0.0170243297976
1.948	0.0171695497242
1.95	0.0173159474507
1.952	0.0174635316814
1.954	0.0176123111729
1.956	0.0177622947345
1.958	0.017913491228
1.96	0.0180659095684
1.962	0.0182195587235
1.964	0.0183744477144
1.966	0.0185305856152
1.968	0.0186879815537
1.97	0.0188466447112
1.972	0.0190065843225
1.974	0.0191678096762
1.976	0.0193303301149
1.978	0.0194941550353
1.98	0.019659293888
1.982	0.019825756178
1.984	0.0199935514645
1.986	0.0201626893613
1.988	0.0203331795367
1.99	0.0205050317136
1.992	0.0206782556695
1.994	0.0208528612371
1.996	0.0210288583037
1.998	0.0212062568117
2.0	0.0213850667585
2.002	0.0215652981968
2.004	0.0217469612343
2.006	0.0219300660342
2.008	0.0221146228149
2.01	0.0223006418503
2.012	0.0224881334697
2.014	0.0226771080579
2.016	0.0228675760554
2.018	0.0230595479581
2.02	0.0232530343178
2.022	0.0234480457417
2.024	0.0236445928929
2.026	0.0238426864902
2.028	0.024042337308
2.03	0.0242435561766
2.032	0.0244463539822
2.034	0.0246507416666
2.036	0.0248567302274
2.038	0.025064330718
2.04	0.0252735542476
2.042	0.0254844119812
2.044	0.0256969151394
2.046	0.0259110749986
2.048	0.0261269028909
2.05	0.0263444102039
2.052	0.0265636083811
2.054	0.0267845089213
2.056	0.0270071233788
2.058	0.0272314633635
2.06	0.0274575405406
2.062	0.0276853666305
2.064	0.0279149534089
2.066	0.0281463127069
2.068	0.0283794564102
2.07	0.0286143964597
2.072	0.0288511448513
2.074	0.0290897136354
2.076	0.029330114917
2.078	0.029572360856
2.08	0.0298164636661
2.082	0.0300624356158
2.084	0.0303102890274
2.086	0.0305600362771
2.088	0.0308116897952
2.09	0.0310652620652
2.092	0.0313207656244
2.094	0.0315782130633
2.096	0.0318376170254
2.098	0.0320989902071
2.1	0.0323623453577
2.102	0.0326276952786
2.104	0.0328950528239
2.106	0.0331644308994
2.108	0.0334358424629
2.11	0.0337093005236
2.112	0.0339848181422
2.114	0.0342624084304
2.116	0.0345420845505
2.118	0.0348238597155
2.12	0.0351077471887
2.122	0.035393760283
2.124	0.0356819123613
2.126	0.0359722168357
2.128	0.0362646871671
2.13	0.0365593368653
2.132	0.0368561794884
2.134	0.0371552286423
2.136	0.0374564979808
2.138	0.0377600012048
2.14	0.0380657520621
2.142	0.038373764347
2.144	0.0386840518999
2.146	0.0389966286069
2.148	0.0393115083994
2.15	0.0396287052536
2.152	0.0399482331901
2.154	0.0402701062737
2.156	0.0405943386125
2.158	0.0409209443576
2.16	0.0412499377028
2.162	0.041581332884
2.164	0.0419151441786
2.166	0.0422513859052
2.168	0.0425900724228
2.17	0.0429312181306
2.172	0.0432748374671
2.174	0.0436209449098
2.176	0.0439695549747
2.178	0.0443206822155
2.18	0.044674341223
2.182	0.0450305466247
2.184	0.0453893130841
2.186	0.0457506553002
2.188	0.0461145880064
2.19	0.0464811259706
2.192	0.0468502839938
2.194	0.04722207691
2.196	0.0475965195852
2.198	0.0479736269168
2.2	0.0483534138328
2.202	0.0487358952914
2.204	0.0491210862798
2.206	0.0495090018139
2.208	0.0498996569372
2.21	0.0502930667202
2.212	0.0506892462596
2.214	0.0510882106776
2.216	0.051489975121
2.218	0.0518945547601
2.22	0.0523019647886
2.222	0.0527122204219
2.224	0.0531253368968
2.226	0.0535413294706
2.228	0.0539602134199
2.23	0.05438200404
2.232	0.0548067166438
2.234	0.0552343665612
2.236	0.0556649691376
2.238	0.0560985397335
2.24	0.0565350937233
2.242	0.0569746464941
2.244	0.0574172134453
2.246	0.057862809987
2.248	0.0583114515394
2.25	0.0587631535313
2.252	0.0592179313996
2.254	0.059675800588
2.256	0.0601367765458
2.258	0.060600874727
2.26	0.0610681105891
2.262	0.0615384995919
2.264	0.0620120571967
2.266	0.0624887988649
2.268	0.0629687400567
2.27	0.0634518962304
2.272	0.0639382828408
2.274	0.064427915338
2.276	0.0649208091666
2.278	0.0654169797641
2.28	0.0659164425596
2.282	0.066419212973
2.284	0.0669253064132
2.286	0.0674347382772
2.288	0.0679475239487
2.29	0.0684636787966
2.292	0.068983218174
2.294	0.0695061574166
2.296	0.0700325118414
2.298	0.0705622967457
2.3	0.071095527405
2.302	0.0716322190723
2.304	0.0721723869762
2.306	0.07271604632
2.308	0.0732632122797
2.31	0.0738139000028
2.312	0.0743681246071
2.314	0.0749259011788
2.316	0.0754872447712
2.318	0.0760521704033
2.32	0.076620693058
2.322	0.077192827681
2.324	0.0777685891789
2.326	0.0783479924178
2.328	0.0789310522216
2.33	0.0795177833706
2.332	0.0801082006
2.334	0.0807023185978
2.336	0.0813001520037
2.338	0.0819017154075
2.34	0.0825070233467
2.342	0.083116090306
2.344	0.0837289307147
2.346	0.0843455589453
2.348	0.084965989312
2.35	0.0855902360689
2.352	0.0862183134082
2.354	0.0868502354584
2.356	0.0874860162829
2.358	0.0881256698779
2.36	0.0887692101709
2.362	0.0894166510186
2.364	0.0900680062057
2.366	0.0907232894424
2.368	0.0913825143632
2.37	0.0920456945247
2.372	0.0927128434039
2.374	0.0933839743966
2.376	0.094059100815
2.378	0.0947382358865
2.38	0.0954213927515
2.382	0.0961085844615
2.384	0.0967998239773
2.386	0.0974951241671
2.388	0.0981944978048
2.39	0.0988979575676
2.392	0.0996055160346
2.394	0.100317185685
2.396	0.101032978895
2.398	0.101752907938
2.4	0.10247698498
2.402	0.10320522208
2.404	0.103937631186
2.406	0.104674224137
2.408	0.105415012654
2.41	0.106160008346
2.412	0.106909222702
2.414	0.107662667091
2.416	0.108420352762
2.418	0.109182290839
2.42	0.109948492321
2.422	0.110718968079
2.424	0.111493728854
2.426	0.112272785255
2.428	0.113056147758
2.43	0.113843826704
2.432	0.114635832293
2.434	0.11543217459
2.436	0.116232863514
2.438	0.117037908842
2.44	0.117847320206
2.442	0.118661107088
2.444	0.119479278822
2.446	0.120301844589
2.448	0.121128813417
2.45	0.121960194177
2.452	0.122795995582
2.454	0.123636226188
2.456	0.124480894384
2.458	0.125330008399
2.46	0.126183576294
2.462	0.127041605964
2.464	0.127904105131
2.466	0.128771081347
2.468	0.129642541989
2.47	0.130518494261
2.472	0.131398945184
2.474	0.132283901602
2.476	0.133173370178
2.478	0.134067357388
2.48	0.134965869525
2.482	0.135868912693
2.484	0.136776492805
2.486	0.137688615585
2.488	0.138605286562
2.49	0.139526511067
2.492	0.140452294239
2.494	0.141382641012
2.496	0.142317556122
2.498	0.143257044101
2.5	0.144201109276
2.502	0.145149755766
2.504	0.146102987484
2.506	0.14706080813
2.508	0.148023221191
2.51	0.148990229943
2.512	0.149961837444
2.514	0.150938046533
2.516	0.151918859832
2.518	0.152904279739
2.52	0.153894308432
2.522	0.154888947861
2.524	0.155888199753
2.526	0.156892065604
2.528	0.157900546681
2.53	0.158913644021
2.532	0.159931358425
2.534	0.160953690462
2.536	0.161980640464
2.538	0.163012208524
2.54	0.164048394496
2.542	0.165089197994
2.544	0.166134618389
2.546	0.167184654808
2.548	0.168239306132
2.55	0.169298570996
2.552	0.170362447786
2.554	0.171430934638
2.556	0.17250402944
2.558	0.173581729823
2.56	0.174664033166
2.562	0.175750936595
2.564	0.176842436978
2.566	0.177938530924
2.568	0.179039214785
2.57	0.180144484654
2.572	0.18125433636
2.574	0.182368765472
2.576	0.183487767295
2.578	0.184611336869
2.58	0.18573946897
2.582	0.186872158105
2.584	0.188009398514
2.586	0.189151184172
2.588	0.19029750878
2.59	0.19144836577
2.592	0.192603748305
2.594	0.193763649274
2.596	0.194928061292
2.598	0.196096976704
2.6	0.197270387576
2.602	0.198448285704
2.604	0.199630662604
2.606	0.200817509519
2.608	0.202008817412
2.61	0.20320457697
2.612	0.204404778603
2.614	0.205609412441
2.616	0.206818468336
2.618	0.208031935859
2.62	0.209249804303
2.622	0.210472062679
2.624	0.21169869972
2.626	0.212929703876
2.628	0.214165063318
2.63	0.215404765934
2.632	0.216648799331
2.634	0.217897150836
2.636	0.219149807493
2.638	0.220406756065
2.64	0.221667983034
2.642	0.2229334746
2.644	0.224203216681
2.646	0.225477194913
2.648	0.226755394654
2.65	0.228037800978
2.652	0.22932439868
2.654	0.230615172273
2.656	0.23191010599
2.658	0.233209183787
2.66	0.234512389336
2.662	0.235819706035
2.664	0.237131117
2.666	0.238446605069
2.668	0.239766152806
2.67	0.241089742495
2.672	0.242417356145
2.674	0.243748975489
2.676	0.245084581987
2.678	0.246424156824
2.68	0.247767680911
2.682	0.249115134888
2.684	0.250466499124
2.686	0.251821753716
2.688	0.253180878493
2.69	0.254543853016
2.692	0.255910656576
2.694	0.257281268201
2.696	0.258655666653
2.698	0.260033830429
2.7	0.261415737765
2.702	0.262801366633
2.704	0.264190694749
2.706	0.265583699568
2.708	0.266980358286
2.71	0.268380647847
2.712	0.269784544937
2.714	0.271192025993
2.716	0.272603067196
2.718	0.274017644483
2.72	0.275435733538
2.722	0.2768573098
2.724	0.278282348466
2.726	0.279710824487
2.728	0.281142712574
2.73	0.2825779872
2.732	0.284016622598
2.734	0.285458592768
2.736	0.286903871475
2.738	0.288352432254
2.74	0.289804248409
2.742	0.291259293018
2.744	0.292717538933
2.746	0.294178958783
2.748	0.295643524975
2.75	0.297111209699
2.752	0.298581984928
2.754	0.300055822419
2.756	0.301532693721
2.758	0.303012570169
2.76	0.304495422893
2.762	0.305981222818
2.764	0.307469940668
2.766	0.308961546965
2.768	0.310456012034
2.77	0.311953306007
2.772	0.313453398822
2.774	0.314956260228
2.776	0.316461859787
2.778	0.317970166877
2.78	0.319481150695
2.782	0.320994780256
2.784	0.322511024403
2.786	0.324029851804
2.788	0.325551230955
2.79	0.327075130186
2.792	0.328601517663
2.794	0.330130361388
2.796	0.331661629204
2.798	0.3331952888
2.8	0.33473130771
2.802	0.336269653317
2.804	0.33781029286
2.806	0.339353193431
2.808	0.340898321983
2.81	0.342445645327
2.812	0.343995130145
2.814	0.345546742982
2.816	0.347100450256
2.818	0.348656218261
2.82	0.350214013167
2.822	0.351773801023
2.824	0.353335547766
2.826	0.354899219216
2.828	0.356464781087
2.83	0.358032198983
2.832	0.359601438408
2.834	0.361172464764
2.836	0.362745243357
2.838	0.364319739401
2.84	0.365895918017
2.842	0.367473744241
2.844	0.369053183026
2.846	0.370634199244
2.848	0.372216757691
2.85	0.373800823089
2.852	0.375386360088
2.854	0.376973333276
2.856	0.378561707172
2.858	0.38015144624
2.86	0.381742514884
2.862	0.383334877455
2.864	0.384928498256
2.866	0.386523341541
2.868	0.388119371523
2.87	0.389716552373
2.872	0.391314848228
2.874	0.392914223189
2.876	0.39451464133
2.878	0.396116066698
2.88	0.397718463315
2.882	0.399321795187
2.884	0.4009260263
2.886	0.402531120629
2.888	0.40413704214
2.89	0.405743754792
2.892	0.407351222541
2.894	0.408959409343
2.896	0.41056827916
2.898	0.412177795958
2.9	0.413787923715
2.902	0.415398626424
2.904	0.417009868093
2.906	0.41862161275
2.908	0.420233824448
2.91	0.421846467266
2.912	0.423459505314
2.914	0.425072902732
2.916	0.426686623701
2.918	0.428300632438
2.92	0.429914893204
2.922	0.431529370306
2.924	0.433144028101
2.926	0.434758830996
2.928	0.436373743455
2.93	0.43798873
2.932	0.439603755215
2.934	0.441218783747
2.936	0.442833780312
2.938	0.444448709696
2.94	0.446063536759
2.942	0.447678226436
2.944	0.449292743744
2.946	0.45090705378
2.948	0.452521121728
2.95	0.45413491286
2.952	0.455748392538
2.954	0.457361526219
2.956	0.458974279455
2.958	0.4605866179
2.96	0.462198507308
2.962	0.46380991354
2.964	0.465420802563
2.966	0.467031140455
2.968	0.468640893407
2.97	0.470250027726
2.972	0.471858509836
2.974	0.473466306284
2.976	0.475073383737
2.978	0.476679708992
2.98	0.478285248971
2.982	0.479889970728
2.984	0.481493841452
2.986	0.483096828464
2.988	0.484698899225
2.99	0.486300021338
2.992	0.487900162546
2.994	0.489499290737
2.996	0.491097373948
2.998	0.492694380364
3.0	0.494290278322
3.002	0.495885036313
3.004	0.497478622983
3.006	0.499071007137
3.008	0.500662157738
3.01	0.502252043913
3.012	0.503840634952
3.014	0.505427900312
3.016	0.507013809616
3.018	0.508598332657
3.02	0.510181439402
3.022	0.511763099988
3.024	0.51334328473
3.026	0.514921964117
3.028	0.51649910882
3.03	0.518074689688
3.032	0.519648677752
3.034	0.521221044227
3.036	0.522791760515
3.038	0.524360798201
3.04	0.525928129062
3.042	0.527493725062
3.044	0.529057558357
3.046	0.530619601295
3.048	0.53217982642
3.05	0.53373820647
3.052	0.535294714378
3.054	0.536849323276
3.056	0.538402006497
3.058	0.539952737572
3.06	0.541501490235
3.062	0.543048238419
3.064	0.544592956266
3.066	0.546135618119
3.068	0.547676198529
3.07	0.549214672251
3.072	0.550751014252
3.074	0.552285199703
3.076	0.553817203987
3.078	0.555347002699
3.08	0.556874571642
3.082	0.558399886834
3.084	0.559922924503
3.086	0.561443661094
3.088	0.562962073263
3.09	0.564478137883
3.092	0.565991832042
3.094	0.567503133044
3.096	0.56901201841
3.098	0.570518465879
3.1	0.572022453407
3.102	0.573523959167
3.104	0.575022961554
3.106	0.57651943918
3.108	0.578013370876
3.11	0.579504735695
3.112	0.580993512908
3.114	0.582479682008
3.116	0.583963222708
3.118	0.585444114942
3.12	0.586922338867
3.122	0.588397874859
3.124	0.589870703516
3.126	0.591340805658
3.128	0.592808162327
3.13	0.594272754787
3.132	0.595734564523
3.134	0.597193573243
3.136	0.598649762874
3.138	0.600103115568
3.14	0.601553613698
3.142	0.603001239857
3.144	0.60444597686
3.146	0.605887807745
3.148	0.607326715768
3.15	0.608762684409
3.152	0.610195697367
3.154	0.611625738561
3.156	0.613052792131
3.158	0.614476842436
3.16	0.615897874056
3.162	0.617315871788
3.164	0.61873082065
3.166	0.620142705875
3.168	0.621551512918
3.17	0.622957227449
3.172	0.624359835355
3.174	0.625759322739
3.176	0.627155675922
3.178	0.62854888144
3.18	0.629938926041
3.182	0.631325796691
3.184	0.632709480568
3.186	0.634089965063
3.188	0.63546723778
3.19	0.636841286534
3.192	0.638212099352
3.194	0.639579664471
3.196	0.640943970338
3.198	0.642305005609
3.2	0.643662759148
3.202	0.645017220026
3.204	0.646368377521
3.206	0.647716221119
3.208	0.649060740507
3.21	0.65040192558
3.212	0.651739766435
3.214	0.653074253371
3.216	0.654405376889
3.218	0.655733127691
3.22	0.65705749668
3.222	0.658378474955
3.224	0.659696053816
3.226	0.661010224759
3.228	0.662320979477
3.23	0.663628309855
3.232	0.664932207976
3.234	0.666232666114
3.236	0.667529676736
3.238	0.668823232499
3.24	0.670113326253
3.242	0.671399951033
3.244	0.672683100066
3.246	0.673962766762
3.248	0.675238944719
3.25	0.676511627722
3.252	0.677780809735
3.254	0.679046484907
3.256	0.680308647569
3.258	0.681567292232
3.26	0.682822413586
3.262	0.684074006498
3.264	0.685322066014
3.266	0.686566587354
3.268	0.687807565913
3.27	0.689044997261
3.272	0.690278877138
3.274	0.691509201456
3.276	0.692735966298
3.278	0.693959167914
3.28	0.695178802722
3.282	0.696394867307
3.284	0.697607358418
3.286	0.69881627297
3.288	0.700021608037
3.29	0.701223360858
3.292	0.70242152883
3.294	0.70361610951
3.296	0.704807100613
3.298	0.705994500009
3.3	0.707178305725
3.302	0.70835851594
3.304	0.709535128988
3.306	0.710708143353
3.308	0.711877557669
3.31	0.713043370722
3.312	0.71420558144
3.314	0.715364188903
3.316	0.716519192334
3.318	0.7176705911
3.32	0.718818384709
3.322	0.719962572814
3.324	0.721103155205
3.326	0.722240131813
3.328	0.723373502705
3.33	0.724503268086
3.332	0.725629428293
3.334	0.726751983802
3.336	0.727870935216
3.338	0.728986283273
3.34	0.73009802884
3.342	0.731206172912
3.344	0.732310716612
3.346	0.73341166119
3.348	0.734509008019
3.35	0.735602758598
3.352	0.736692914548
3.354	0.737779477609
3.356	0.738862449644
3.358	0.739941832633
3.36	0.741017628674
3.362	0.74208983998
3.364	0.743158468882
3.366	0.74422351782
3.368	0.745284989352
3.37	0.746342886142
3.372	0.747397210969
3.374	0.748447966716
3.376	0.749495156378
3.378	0.750538783053
3.38	0.751578849946
3.382	0.752615360365
3.384	0.753648317722
3.386	0.754677725528
3.388	0.755703587398
3.39	0.756725907043
3.392	0.757744688274
3.394	0.758759934997
3.396	0.759771651215
3.398	0.760779841024
3.4	0.761784508616
3.402	0.762785658271
3.404	0.763783294364
3.406	0.764777421357
3.408	0.765768043801
3.41	0.766755166335
3.412	0.767738793686
3.414	0.768718930662
3.416	0.769695582159
3.418	0.770668753154
3.42	0.771638448706
3.422	0.772604673956
3.424	0.773567434122
3.426	0.774526734502
3.428	0.775482580473
3.43	0.776434977486
3.432	0.777383931067
3.434	0.778329446818
3.436	0.779271530413
3.438	0.780210187598
3.44	0.781145424191
3.442	0.782077246078
3.444	0.783005659215
3.446	0.783930669626
3.448	0.784852283402
3.45	0.785770506698
3.452	0.786685345737
3.454	0.787596806801
3.456	0.78850489624
3.458	0.789409620463
3.46	0.790310985938
3.462	0.791208999196
3.464	0.792103666826
3.466	0.792994995473
3.468	0.793882991841
3.47	0.794767662688
3.472	0.79564901483
3.474	0.796527055132
3.476	0.797401790517
3.478	0.798273227956
3.48	0.799141374476
3.482	0.800006237149
3.484	0.8008678231
3.486	0.8017261395
3.488	0.80258119357
3.49	0.803432992577
3.492	0.804281543831
3.494	0.805126854691
3.496	0.805968932558
3.498	0.806807784876
3.5	0.807643419131
3.502	0.808475842852
3.504	0.809305063608
3.506	0.810131089007
3.508	0.810953926697
3.51	0.811773584363
3.512	0.812590069728
3.514	0.813403390553
3.516	0.814213554632
3.518	0.815020569795
3.52	0.815824443908
3.522	0.816625184868
3.524	0.817422800605
3.526	0.818217299081
3.528	0.819008688291
3.53	0.819796976257
3.532	0.820582171034
3.534	0.821364280703
3.536	0.822143313374
3.538	0.822919277186
3.54	0.823692180303
3.542	0.824462030916
3.544	0.825228837239
3.546	0.825992607514
3.548	0.826753350004
3.55	0.827511072998
3.552	0.828265784806
3.554	0.829017493758
3.556	0.829766208209
3.558	0.830511936532
3.56	0.831254687121
3.562	0.831994468389
3.564	0.832731288767
3.566	0.833465156706
3.568	0.834196080671
3.57	0.834924069148
3.572	0.835649130635
3.574	0.836371273649
3.576	0.837090506721
3.578	0.837806838394
3.58	0.838520277228
3.582	0.839230831796
3.584	0.839938510681
3.586	0.84064332248
3.588	0.841345275802
3.59	0.842044379266
3.592	0.842740641502
3.594	0.84343407115
3.596	0.844124676858
3.598	0.844812467285
3.6	0.845497451097
3.602	0.846179636968
3.604	0.846859033579
3.606	0.847535649619
3.608	0.848209493782
3.61	0.848880574768
3.612	0.849548901283
3.614	0.850214482038
3.616	0.850877325748
3.618	0.85153744113
3.62	0.852194836909
3.622	0.852849521808
3.624	0.853501504556
3.626	0.854150793883
3.628	0.85479739852
3.63	0.8554413272
3.632	0.856082588657
3.634	0.856721191624
3.636	0.857357144837
3.638	0.857990457027
3.64	0.858621136929
3.642	0.859249193273
3.644	0.859874634789
3.646	0.860497470204
3.648	0.861117708245
3.65	0.861735357633
3.652	0.862350427089
3.654	0.862962925326
3.656	0.863572861058
3.658	0.864180242992
3.66	0.864785079831
3.662	0.865387380272
3.664	0.865987153009
3.666	0.866584406727
3.668	0.867179150108
3.67	0.867771391827
3.672	0.868361140551
3.674	0.868948404941
3.676	0.869533193651
3.678	0.870115515326
3.68	0.870695378605
3.682	0.871272792117
3.684	0.871847764483
3.686	0.872420304317
3.688	0.87299042022
3.69	0.873558120788
3.692	0.874123414603
3.694	0.874686310242
3.696	0.875246816266
3.698	0.87580494123
3.7	0.876360693677
3.702	0.876914082138
3.704	0.877465115134
3.706	0.878013801172
3.708	0.878560148752
3.71	0.879104166356
3.712	0.879645862459
3.714	0.88018524552
3.716	0.880722323987
3.718	0.881257106295
3.72	0.881789600864
3.722	0.882319816102
3.724	0.882847760405
3.726	0.883373442151
3.728	0.883896869708
3.73	0.884418051428
3.732	0.884936995648
3.734	0.885453710691
3.736	0.885968204865
3.738	0.886480486464
3.74	0.886990563764
3.742	0.887498445029
3.744	0.888004138505
3.746	0.888507652423
3.748	0.889008994998
3.75	0.889508174429
3.752	0.890005198898
3.754	0.890500076571
3.756	0.890992815599
3.758	0.891483424112
3.76	0.891971910228
3.762	0.892458282044
3.764	0.892942547642
3.766	0.893424715086
3.768	0.893904792421
3.77	0.894382787678
3.772	0.894858708866
3.774	0.895332563979
3.776	0.89580436099
3.778	0.896274107858
3.78	0.896741812519
3.782	0.897207482894
3.784	0.897671126884
3.786	0.898132752371
3.788	0.898592367219
3.79	0.899049979272
3.792	0.899505596356
3.794	0.899959226277
3.796	0.900410876823
3.798	0.900860555761
3.8	0.901308270839
3.802	0.901754029787
3.804	0.902197840313
3.806	0.902639710106
3.808	0.903079646837
3.81	0.903517658154
3.812	0.903953751686
3.814	0.904387935044
3.816	0.904820215817
3.818	0.905250601572
3.82	0.90567909986
3.822	0.906105718207
3.824	0.906530464122
3.826	0.906953345091
3.828	0.907374368581
3.83	0.907793542038
3.832	0.908210872886
3.834	0.90862636853
3.836	0.909040036352
3.838	0.909451883716
3.84	0.909861917962
3.842	0.91027014641
3.844	0.91067657636
3.846	0.911081215088
3.848	0.911484069853
3.85	0.911885147889
3.852	0.912284456411
3.854	0.912682002611
3.856	0.91307779366
3.858	0.913471836709
3.86	0.913864138885
3.862	0.914254707297
3.864	0.914643549028
3.866	0.915030671143
3.868	0.915416080685
3.87	0.915799784673
3.872	0.916181790106
3.874	0.916562103963
3.876	0.916940733197
3.878	0.917317684743
3.88	0.917692965513
3.882	0.918066582396
3.884	0.918438542262
3.886	0.918808851957
3.888	0.919177518305
3.89	0.919544548108
3.892	0.91990994815
3.894	0.920273725187
3.896	0.920635885957
3.898	0.920996437176
3.9	0.921355385536
3.902	0.921712737709
3.904	0.922068500346
3.906	0.922422680072
3.908	0.922775283493
3.91	0.923126317194
3.912	0.923475787736
3.914	0.923823701659
3.916	0.92417006548
3.918	0.924514885695
3.92	0.924858168779
3.922	0.925199921183
3.924	0.925540149337
3.926	0.92587885965
3.928	0.926216058507
3.93	0.926551752274
3.932	0.926885947292
3.934	0.927218649881
3.936	0.927549866342
3.938	0.92787960295
3.94	0.92820786596
3.942	0.928534661606
3.944	0.928859996099
3.946	0.929183875628
3.948	0.929506306362
3.95	0.929827294446
3.952	0.930146846004
3.954	0.930464967138
3.956	0.930781663931
3.958	0.93109694244
3.96	0.931410808704
3.962	0.931723268738
3.964	0.932034328536
3.966	0.932343994071
3.968	0.932652271294
3.97	0.932959166135
3.972	0.933264684501
3.974	0.933568832279
3.976	0.933871615335
3.978	0.934173039511
3.98	0.934473110631
3.982	0.934771834494
3.984	0.935069216881
3.986	0.93536526355
3.988	0.935659980238
3.99	0.935953372661
3.992	0.936245446513
3.994	0.936536207467
3.996	0.936825661177
3.998	0.937113813272
4.0	0.937400669364
4.002	0.937686235042
4.004	0.937970515872
4.006	0.938253517404
4.008	0.938535245162
4.01	0.938815704652
4.012	0.93909490136
4.014	0.939372840748
4.016	0.939649528259
4.018	0.939924969317
4.02	0.940199169322
4.022	0.940472133655
4.024	0.940743867678
4.026	0.941014376729
4.028	0.941283666129
4.03	0.941551741176
4.032	0.941818607149
4.034	0.942084269305
4.036	0.942348732883
4.038	0.942612003101
4.04	0.942874085155
4.042	0.943134984222
4.044	0.94339470546
4.046	0.943653254006
4.048	0.943910634976
4.05	0.944166853467
4.052	0.944421914556
4.054	0.9446758233
4.056	0.944928584737
4.058	0.945180203883
4.06	0.945430685735
4.062	0.945680035273
4.064	0.945928257454
4.066	0.946175357217
4.068	0.94642133948
4.07	0.946666209144
4.072	0.946909971088
4.074	0.947152630172
4.076	0.947394191239
4.078	0.94763465911
4.08	0.947874038587
4.082	0.948112334455
4.084	0.948349551478
4.086	0.948585694401
4.088	0.948820767949
4.09	0.949054776831
4.092	0.949287725735
4.094	0.949519619329
4.096	0.949750462265
4.098	0.949980259174
4.1	0.95020901467
4.102	0.950436733346
4.104	0.950663419778
4.106	0.950889078524
4.108	0.951113714122
4.11	0.951337331092
4.112	0.951559933936
4.114	0.951781527137
4.116	0.952002115161
4.118	0.952221702454
4.12	0.952440293445
4.122	0.952657892545
4.124	0.952874504145
4.126	0.953090132621
4.128	0.953304782329
4.13	0.953518457607
4.132	0.953731162777
4.134	0.95394290214
4.136	0.954153679982
4.138	0.954363500571
4.14	0.954572368157
4.142	0.95478028697
4.144	0.954987261227
4.146	0.955193295125
4.148	0.955398392842
4.15	0.955602558543
4.152	0.955805796371
4.154	0.956008110455
4.156	0.956209504905
4.158	0.956409983816
4.16	0.956609551262
4.162	0.956808211305
4.164	0.957005967987
4.166	0.957202825332
4.168	0.957398787351
4.17	0.957593858034
4.172	0.957788041357
4.174	0.957981341279
4.176	0.958173761741
4.178	0.958365306668
4.18	0.958555979971
4.182	0.95874578554
4.184	0.958934727252
4.186	0.959122808966
4.188	0.959310034527
4.19	0.95949640776
4.192	0.959681932476
4.194	0.959866612471
4.196	0.960050451523
4.198	0.960233453395
4.2	0.960415621834
4.202	0.96059696057
4.204	0.960777473318
4.206	0.960957163778
4.208	0.961136035633
4.21	0.961314092551
4.212	0.961491338184
4.214	0.961667776168
4.216	0.961843410125
4.218	0.962018243661
4.22	0.962192280365
4.222	0.962365523813
4.224	0.962537977564
4.226	0.962709645162
4.228	0.962880530138
4.23	0.963050636004
4.232	0.96321996626
4.234	0.963388524391
4.236	0.963556313864
4.238	0.963723338134
4.24	0.963889600642
4.242	0.96405510481
4.244	0.964219854049
4.246	0.964383851754
4.248	0.964547101306
4.25	0.96470960607
4.252	0.964871369398
4.254	0.965032394627
4.256	0.965192685079
4.258	0.965352244062
4.26	0.965511074871
4.262	0.965669180785
4.264	0.96582656507
4.266	0.965983230976
4.268	0.966139181742
4.27	0.966294420589
4.272	0.966448950728
4.274	0.966602775354
4.276	0.966755897648
4.278	0.966908320777
4.28	0.967060047897
4.282	0.967211082145
4.284	0.96736142665
4.286	0.967511084524
4.288	0.967660058866
4.29	0.967808352762
4.292	0.967955969284
4.294	0.968102911491
4.296	0.96824918243
4.298	0.968394785132
4.3	0.968539722616
4.302	0.968683997888
4.304	0.968827613941
4.306	0.968970573754
4.308	0.969112880295
4.31	0.969254536517
4.312	0.96939554536
4.314	0.969535909752
4.316	0.969675632608
4.318	0.969814716831
4.32	0.96995316531
4.322	0.970090980921
4.324	0.97022816653
4.326	0.970364724986
4.328	0.970500659131
4.33	0.970635971789
4.332	0.970770665776
4.334	0.970904743893
4.336	0.971038208929
4.338	0.971171063662
4.34	0.971303310856
4.342	0.971434953265
4.344	0.971565993628
4.346	0.971696434675
4.348	0.971826279122
4.35	0.971955529674
4.352	0.972084189022
4.354	0.972212259849
4.356	0.972339744822
4.358	0.972466646598
4.36	0.972592967824
4.362	0.972718711132
4.364	0.972843879144
4.366	0.972968474472
4.368	0.973092499713
4.37	0.973215957455
4.372	0.973338850275
4.374	0.973461180735
4.376	0.97358295139
4.378	0.973704164781
4.38	0.973824823438
4.382	0.973944929882
4.384	0.974064486619
4.386	0.974183496147
4.388	0.974301960952
4.39	0.974419883508
4.392	0.97453726628
4.394	0.97465411172
4.396	0.97477042227
4.398	0.974886200361
4.4	0.975001448413
4.402	0.975116168837
4.404	0.97523036403
4.406	0.975344036381
4.408	0.975457188268
4.41	0.975569822057
4.412	0.975681940104
4.414	0.975793544756
4.416	0.975904638347
4.418	0.976015223204
4.42	0.976125301639
4.422	0.976234875958
4.424	0.976343948455
4.426	0.976452521412
4.428	0.976560597105
4.43	0.976668177795
4.432	0.976775265737
4.434	0.976881863174
4.436	0.976987972338
4.438	0.977093595453
4.44	0.977198734732
4.442	0.977303392379
4.444	0.977407570587
4.446	0.977511271539
4.448	0.97761449741
4.45	0.977717250363
4.452	0.977819532553
4.454	0.977921346126
4.456	0.978022693215
4.458	0.978123575947
4.46	0.978223996438
4.462	0.978323956794
4.464	0.978423459113
4.466	0.978522505482
4.468	0.97862109798
4.47	0.978719238675
4.472	0.978816929628
4.474	0.978914172889
4.476	0.979010970499
4.478	0.979107324491
4.48	0.979203236887
4.482	0.979298709702
4.484	0.97939374494
4.486	0.979488344597
4.488	0.97958251066
4.49	0.979676245107
4.492	0.979769549908
4.494	0.979862427021
4.496	0.979954878399
4.498	0.980046905984
4.5	0.980138511711
4.502	0.980229697503
4.504	0.980320465278
4.506	0.980410816944
4.508	0.9805007544
4.51	0.980590279536
4.512	0.980679394235
4.514	0.98076810037
4.516	0.980856399806
4.518	0.980944294402
4.52	0.981031786004
4.522	0.981118876453
4.524	0.981205567581
4.526	0.981291861211
4.528	0.98137775916
4.53	0.981463263233
4.532	0.98154837523
4.534	0.981633096942
4.536	0.981717430151
4.538	0.981801376633
4.54	0.981884938154
4.542	0.981968116473
4.544	0.98205091334
4.546	0.982133330498
4.548	0.982215369683
4.55	0.982297032622
4.552	0.982378321033
4.554	0.982459236629
4.556	0.982539781113
4.558	0.982619956182
4.56	0.982699763524
4.562	0.982779204819
4.564	0.982858281741
4.566	0.982936995956
4.568	0.983015349122
4.57	0.983093342889
4.572	0.983170978901
4.574	0.983248258793
4.576	0.983325184193
4.578	0.983401756722
4.58	0.983477977995
4.582	0.983553849616
4.584	0.983629373186
4.586	0.983704550296
4.588	0.98377938253
4.59	0.983853871466
4.592	0.983928018673
4.594	0.984001825716
4.596	0.98407529415
4.598	0.984148425524
4.6	0.98422122138
4.602	0.984293683252
4.604	0.984365812669
4.606	0.984437611152
4.608	0.984509080215
4.61	0.984580221365
4.612	0.984651036102
4.614	0.984721525921
4.616	0.984791692308
4.618	0.984861536742
4.62	0.984931060698
4.622	0.985000265642
4.624	0.985069153034
4.626	0.985137724328
4.628	0.985205980969
4.63	0.985273924399
4.632	0.985341556051
4.634	0.985408877353
4.636	0.985475889724
4.638	0.985542594579
4.64	0.985608993326
4.642	0.985675087366
4.644	0.985740878094
4.646	0.985806366899
4.648	0.985871555164
4.65	0.985936444263
4.652	0.986001035568
4.654	0.986065330441
4.656	0.98612933024
4.658	0.986193036317
4.66	0.986256450016
4.662	0.986319572676
4.664	0.98638240563
4.666	0.986444950205
4.668	0.986507207721
4.67	0.986569179494
4.672	0.986630866832
4.674	0.986692271038
4.676	0.986753393408
4.678	0.986814235234
4.68	0.986874797801
4.682	0.986935082387
4.684	0.986995090267
4.686	0.987054822708
4.688	0.987114280972
4.69	0.987173466315
4.692	0.987232379986
4.694	0.987291023232
4.696	0.987349397291
4.698	0.987407503395
4.7	0.987465342774
4.702	0.987522916649
4.704	0.987580226236
4.706	0.987637272747
4.708	0.987694057387
4.71	0.987750581357
4.712	0.98780684585
4.714	0.987862852055
4.716	0.987918601158
4.718	0.987974094334
4.72	0.988029332759
4.722	0.988084317599
4.724	0.988139050016
4.726	0.988193531167
4.728	0.988247762204
4.73	0.988301744274
4.732	0.988355478517
4.734	0.988408966069
4.736	0.988462208062
4.738	0.98851520562
4.74	0.988567959865
4.742	0.988620471912
4.744	0.98867274287
4.746	0.988724773846
4.748	0.988776565939
4.75	0.988828120244
4.752	0.988879437852
4.754	0.988930519848
4.756	0.988981367312
4.758	0.989031981319
4.76	0.98908236294
4.762	0.989132513239
4.764	0.989182433279
4.766	0.989232124114
4.768	0.989281586796
4.77	0.98933082237
4.772	0.989379831879
4.774	0.989428616358
4.776	0.989477176839
4.778	0.98952551435
4.78	0.989573629914
4.782	0.989621524547
4.784	0.989669199264
4.786	0.989716655072
4.788	0.989763892976
4.79	0.989810913975
4.792	0.989857719064
4.794	0.989904309233
4.796	0.989950685467
4.798	0.989996848748
4.8	0.990042800053
4.802	0.990088540353
4.804	0.990134070617
4.806	0.990179391808
4.808	0.990224504885
4.81	0.990269410803
4.812	0.990314110511
4.814	0.990358604956
4.816	0.990402895079
4.818	0.990446981818
4.82	0.990490866105
4.822	0.990534548869
4.824	0.990578031035
4.826	0.990621313523
4.828	0.990664397248
4.83	0.990707283123
4.832	0.990749972056
4.834	0.990792464949
4.836	0.990834762703
4.838	0.990876866211
4.84	0.990918776367
4.842	0.990960494056
4.844	0.991002020162
4.846	0.991043355564
4.848	0.991084501136
4.85	0.99112545775
4.852	0.991166226273
4.854	0.991206807567
4.856	0.991247202492
4.858	0.991287411903
4.86	0.991327436651
4.862	0.991367277583
4.864	0.991406935543
4.866	0.99144641137
4.868	0.991485705901
4.87	0.991524819967
4.872	0.991563754396
4.874	0.991602510012
4.876	0.991641087637
4.878	0.991679488086
4.88	0.991717712173
4.882	0.991755760707
4.884	0.991793634495
4.886	0.991831334337
4.888	0.991868861032
4.89	0.991906215374
4.892	0.991943398156
4.894	0.991980410163
4.896	0.99201725218
4.898	0.992053924987
4.9	0.99209042936
4.902	0.992126766073
4.904	0.992162935895
4.906	0.992198939592
4.908	0.992234777926
4.91	0.992270451656
4.912	0.992305961539
4.914	0.992341308325
4.916	0.992376492763
4.918	0.992411515599
4.92	0.992446377575
4.922	0.992481079428
4.924	0.992515621894
4.926	0.992550005704
4.928	0.992584231586
4.93	0.992618300266
4.932	0.992652212465
4.934	0.992685968901
4.936	0.992719570289
4.938	0.992753017341
4.94	0.992786310766
4.942	0.992819451268
4.944	0.99285243955
4.946	0.99288527631
4.948	0.992917962244
4.95	0.992950498044
4.952	0.992982884399
4.954	0.993015121996
4.956	0.993047211518
4.958	0.993079153643
4.96	0.99311094905
4.962	0.99314259841
4.964	0.993174102396
4.966	0.993205461673
4.968	0.993236676907
4.97	0.993267748759
4.972	0.993298677887
4.974	0.993329464946
4.976	0.993360110589
4.978	0.993390615464
4.98	0.993420980218
4.982	0.993451205495
4.984	0.993481291934
4.986	0.993511240174
4.988	0.993541050848
4.99	0.993570724588
4.992	0.993600262023
4.994	0.993629663778
4.996	0.993658930478
4.998	0.993688062741
